%%%
% Provides a custom colormap generated at
% http://jdherman.github.io/colormap/
%%%
function customColorMap = createCM()
customColorMap = [
255,255,255;
251,254,255;
247,253,255;
243,252,255;
239,251,255;
235,250,255;
231,249,255;
227,248,255;
223,247,255;
219,246,255;
215,245,255;
211,244,255;
207,243,255;
203,242,255;
199,241,255;
195,240,255;
191,239,255;
187,238,255;
183,237,255;
179,236,255;
175,235,255;
171,234,255;
167,233,255;
163,232,255;
159,231,255;
155,230,255;
151,229,255;
147,228,255;
143,226,255;
139,225,255;
135,224,255;
131,223,255;
127,222,255;
123,221,255;
119,220,255;
115,219,255;
111,218,255;
107,217,255;
103,216,255;
99,215,255;
95,214,255;
91,213,255;
87,212,255;
83,211,255;
79,210,255;
75,209,255;
71,208,255;
67,207,255;
63,206,255;
59,205,255;
55,204,255;
51,203,255;
47,202,255;
43,201,255;
39,200,255;
35,199,255;
31,198,255;
27,197,255;
23,196,255;
19,195,255;
15,194,255;
11,193,255;
7,192,255;
3,191,255;
0,190,255;
0,189,255;
0,188,254;
0,187,253;
0,186,252;
0,185,251;
0,184,250;
0,183,249;
0,181,248;
0,180,247;
0,179,246;
0,178,245;
0,177,244;
0,176,244;
0,175,243;
0,174,242;
0,173,241;
0,172,240;
0,171,239;
0,170,238;
0,169,237;
0,168,236;
0,167,235;
0,166,234;
0,165,233;
0,164,233;
0,163,232;
0,162,231;
0,161,230;
0,160,229;
0,159,228;
0,158,227;
0,156,226;
0,155,225;
0,154,224;
0,153,223;
0,152,222;
0,151,221;
0,150,221;
0,149,220;
0,148,219;
0,147,218;
0,146,217;
0,145,216;
0,144,215;
0,143,214;
0,142,213;
0,141,212;
0,140,211;
0,139,210;
0,138,209;
0,137,209;
0,136,208;
0,135,207;
0,134,206;
0,132,205;
0,131,204;
0,130,203;
0,129,202;
0,128,201;
0,127,200;
0,126,199;
0,125,198;
0,124,198;
0,123,197;
0,121,196;
0,119,195;
0,117,193;
0,115,192;
0,113,191;
0,111,190;
0,109,189;
0,107,188;
0,105,187;
0,103,186;
0,101,185;
0,99,184;
0,97,183;
0,96,182;
0,94,181;
0,92,180;
0,90,179;
0,88,178;
0,86,177;
0,84,176;
0,82,175;
0,80,174;
0,78,173;
0,76,172;
0,74,171;
0,72,170;
0,70,169;
0,68,168;
0,66,167;
0,64,166;
0,63,165;
0,61,164;
0,59,163;
0,57,162;
0,55,161;
0,53,160;
0,51,159;
0,49,158;
0,47,157;
0,45,156;
0,43,155;
0,41,154;
0,39,153;
0,37,152;
0,35,151;
0,33,150;
0,32,149;
0,30,148;
0,28,147;
0,26,146;
0,24,145;
0,22,144;
0,20,143;
0,18,142;
0,16,141;
0,14,140;
0,12,139;
0,10,137;
0,8,136;
0,6,135;
0,4,134;
0,2,133;
0,0,132;
0,0,131;
0,0,130;
0,0,129;
0,0,128;
0,0,127;
0,0,126;
0,0,125;
0,0,124;
0,0,123;
0,0,122;
0,0,121;
0,0,120;
0,0,119;
0,0,118;
0,0,117;
0,0,116;
0,0,115;
0,0,114;
0,0,113;
0,0,112;
0,0,111;
0,0,110;
0,0,109;
0,0,108;
0,0,107;
0,0,106;
0,0,105;
0,0,104;
0,0,103;
0,0,102;
0,0,101;
0,0,100;
0,0,99;
0,0,98;
0,0,97;
0,0,96;
0,0,95;
0,0,94;
0,0,93;
0,0,92;
0,0,91;
0,0,90;
0,0,89;
0,0,88;
0,0,87;
0,0,86;
0,0,85;
0,0,84;
0,0,83;
0,0,82;
0,0,81;
0,0,80;
0,0,79;
0,0,78;
0,0,77;
0,0,76;
0,0,75;
0,0,74;
0,0,73;
0,0,72;
0,0,71;
0,0,70;
0,0,69;
0,0,68];

customColorMap = customColorMap / 255;
